803
159 607
553 609
622 652
416 343
60 402
61 94
151 96
224 370
388 684
10 382
153 490
475 193
628 650
25 795
203 501
283 596
754 649
239 325
54 133
390 30
117 285
10 251
112 121
504 713
78 61
185 40
760 409
724 610
727 178
533 106
295 245
418 496
510 419
275 419
232 74
479 42
211 153
646 79
5 126
313 174
127 166
680 107
3 56
245 137
204 460
248 92
145 530
611 786
42 48
213 58
769 175
272 111
4 12
51 301
115 242
212 444
477 296
133 558
255 758
165 38
440 494
247 404
332 676
517 22
230 137
526 300
83 752
144 134
32 101
358 359
692 562
617 641
430 228
390 741
569 598
312 251
636 269
142 112
316 236
715 382
305 99
53 485
566 94
295 425
89 19
154 148
182 244
187 257
525 56
316 522
131 268
423 174
26 25
627 86
7 10
782 112
420 335
725 98
271 653
529 426
436 381
128 659
37 243
350 547
71 50
292 476
109 385
523 642
50 35
416 762
606 635
701 154
381 447
172 110
100 26
273 13
57 253
220 184
130 347
62 527
127 33
356 88
228 293
537 167
629 422
521 615
767 599
63 134
402 678
15 36
61 300
495 58
578 602
59 93
46 358
291 366
663 566
376 314
441 43
377 320
196 183
14 131
564 384
604 571
191 75
88 7
63 116
381 350
149 209
244 552
201 789
38 47
202 328
31 44
182 21
286 228
210 106
167 93
319 399
374 777
722 155
52 17
113 92
689 156
259 373
523 325
187 367
116 124
488 441
170 140
655 766
633 146
284 361
286 315
288 257
5 51
86 27
400 370
482 111
183 119
3 575
145 190
798 394
43 114
559 39
116 149
146 790
61 261
72 20
51 387
238 439
446 344
225 338
162 304
77 48
83 145
4 2
622 748
6 74
28 362
240 116
54 780
75 246
110 99
719 579
4 147
186 729
418 350
230 282
621 192
424 244
319 263
223 152
710 250
32 35
365 129
337 610
173 569
783 205
343 363
90 174
124 308
66 512
155 353
105 13
155 47
16 24
442 386
173 45
32 221
436 440
280 266
471 275
448 622
353 775
152 25
75 158
177 149
265 344
323 126
334 61
102 520
87 129
662 357
119 637
711 350
352 85
673 541
6 28
398 263
487 306
12 19
2 791
130 112
83 18
204 671
3 7
134 291
505 217
676 721
680 682
233 397
265 52
51 104
351 307
104 259
249 235
346 132
503 656
218 276
616 187
31 80
23 32
1 33
636 649
728 684
355 56
128 208
197 199
249 348
207 665
368 131
132 330
83 745
135 369
705 324
452 372
128 41
254 145
506 108
202 150
282 580
15 21
52 159
274 198
375 96
619 331
510 579
238 55
785 397
411 639
617 554
326 166
146 593
601 587
78 409
38 4
317 70
623 264
451 408
5 648
293 538
73 532
704 25
176 64
433 299
183 287
401 347
350 545
16 62
327 150
468 370
147 630
772 721
571 305
68 459
335 177
733 301
60 337
198 551
21 46
240 455
550 400
129 168
38 40
119 186
241 283
49 21
392 50
298 281
311 266
205 17
349 179
339 10
608 68
40 372
13 7
23 5
216 8
263 182
105 674
32 75
594 688
164 82
45 53
412 270
310 217
119 228
284 102
582 492
788 263
803 629
723 384
102 2
156 194
225 518
133 768
614 519
48 410
99 27
154 655
329 658
192 103
190 371
9 179
2 108
350 254
228 743
310 645
669 452
600 335
140 34
319 695
156 38
717 532
180 6
56 321
63 64
696 336
65 237
20 37
115 565
712 55
135 53
302 267
65 613
3 2
448 87
20 6
558 740
218 303
657 75
224 309
513 432
493 217
40 195
29 24
458 199
290 153
6 318
41 13
227 7
82 28
212 62
421 255
453 234
45 66
294 55
160 193
638 249
139 258
578 73
201 354
215 23
311 336
201 149
160 445
16 111
136 332
84 35
590 72
92 480
81 27
197 79
24 85
161 660
396 270
323 583
704 787
250 84
302 761
801 483
606 208
344 429
9 5
319 799
11 17
643 335
560 137
121 188
408 377
618 272
549 81
29 252
170 271
778 534
737 244
666 188
582 620
27 9
489 524
568 286
251 542
204 1
515 411
466 277
48 79
120 71
759 735
388 229
206 22
739 607
160 427
668 496
219 561
534 145
300 426
219 121
677 204
76 106
30 6
296 113
421 462
65 15
435 372
457 220
210 597
11 163
233 210
181 331
281 264
28 132
269 85
357 136
316 714
123 24
210 383
80 664
53 97
26 98
492 747
5 11
31 34
225 35
523 718
476 698
148 12
548 555
470 484
32 279
34 776
288 472
150 262
4 189
784 649
197 486
661 382
31 519
651 43
16 207
305 395
26 264
582 749
514 544
55 14
422 385
802 511
318 557
75 96
226 343
150 36
449 376
187 137
634 40
736 388
406 210
573 419
138 44
389 182
181 142
792 64
9 57
278 192
122 61
299 450
13 39
667 120
709 283
500 437
258 716
125 70
22 16
67 51
756 541
200 47
11 178
30 63
492 444
763 541
649 774
1 16
54 21
288 428
82 592
373 483
59 15
699 123
499 47
306 132
293 584
541 407
345 268
588 371
800 132
226 29
32 576
591 239
595 685
137 247
748 757
683 365
202 239
571 585
628 10
465 55
510 694
750 104
469 248
275 154
324 112
152 184
509 269
75 535
457 554
467 305
49 267
477 679
702 696
333 183
570 611
572 430
700 175
374 253
687 576
92 556
19 473
731 22
320 341
644 198
70 599
348 415
203 123
209 474
623 640
79 587
1 2
419 742
95 80
139 88
69 378
25 20
39 61
129 137
141 90
580 755
20 391
117 111
548 202
437 516
112 577
257 794
106 697
250 277
334 521
463 101
779 315
612 430
508 406
2 5
502 154
185 413
735 396
238 625
206 405
144 514
293 456
589 387
83 329
92 10
41 562
225 672
161 146
407 80
175 25
563 490
222 189
454 202
185 793
242 781
90 4
308 431
169 60
753 561
42 27
184 314
300 681
444 675
465 489
417 164
231 17
57 69
59 118
181 289
690 407
366 393
49 438
386 206
43 143
310 540
21 236
86 730
110 266
764 512
532 543
257 670
586 329
255 63
146 45
297 102
241 89
507 494
732 707
76 4
68 7
342 223
4 8
448 624
151 461
103 44
360 244
433 470
686 96
603 334
384 328
707 97
626 317
31 8
771 33
489 751
11 115
451 528
379 210
125 364
503 275
112 103
443 415
322 232
394 150
531 31
539 269
8 214
478 65
64 87
738 617
91 33
647 631
58 17
257 380
157 11
521 631
692 703
202 567
491 189
619 632
511 336
217 106
27 160
414 410
459 594
132 153
73 299
708 489
706 639
432 149
94 107
797 574
36 171
330 796
307 102
536 357
41 198
9 14
234 196
73 30
270 222
45 10
411 318
595 489
648 746
770 213
324 464
